0 0.2630769230769231 0.8712471131639723 0.20307692307692307 0.25519630484988454
0 0.7261538461538461 0.4428406466512702 0.20307692307692307 0.25519630484988454
0 0.1723076923076923 0.6125866050808314 0.20307692307692307 0.25519630484988454
0 0.5276923076923077 0.7892609699769053 0.20307692307692307 0.25519630484988454
0 0.5207692307692308 0.5236720554272517 0.20307692307692307 0.25519630484988454
0 0.8565384615384616 0.45727482678983833 0.12076923076923077 0.22170900692840648
0 0.6096153846153847 0.17609699769053117 0.13153846153846155 0.1928406466512702
0 0.4511538461538461 0.2557736720554272 0.12538461538461537 0.23672055427251731
0 0.30346153846153845 0.31928406466512704 0.15307692307692308 0.23441108545034642
0 0.7488461538461538 0.05600461893764434 0.11461538461538462 0.11200923787528869
0 0.8711538461538462 0.23787528868360278 0.12076923076923077 0.22170900692840648
0 0.7488461538461538 0.23094688221709006 0.12076923076923077 0.22170900692840648
0 0.07538461538461538 0.8799076212471132 0.14461538461538462 0.23787528868360278
0 0.48346153846153844 0.10046189376443418 0.1423076923076923 0.12240184757505773
0 0.6903846153846154 0.8845265588914549 0.17615384615384616 0.22863741339491916
0 0.8661538461538462 0.8533487297921478 0.19076923076923077 0.2909930715935335
0 0.946923076923077 0.7176674364896074 0.10461538461538461 0.24595842956120093