0 0.45588235294117646 0.45465686274509803 0.08496732026143791 0.14460784313725492
0 0.9133986928104575 0.41544117647058826 0.08496732026143791 0.14460784313725492
0 0.6797385620915033 0.21200980392156862 0.08496732026143791 0.14460784313725492
0 0.6633986928104575 0.09191176470588236 0.08496732026143791 0.14460784313725492
0 0.8104575163398693 0.20465686274509803 0.08496732026143791 0.14460784313725492
0 0.7696078431372549 0.4252450980392157 0.08496732026143791 0.14460784313725492
0 0.6062091503267973 0.8321078431372549 0.08496732026143791 0.14460784313725492
0 0.238562091503268 0.8100490196078431 0.08496732026143791 0.14460784313725492
0 0.5245098039215687 0.7830882352941176 0.08496732026143791 0.14460784313725492
0 0.4673202614379085 0.7242647058823529 0.08496732026143791 0.14460784313725492
0 0.5294117647058824 0.6458333333333334 0.08496732026143791 0.14460784313725492
0 0.0718954248366013 0.16544117647058823 0.08496732026143791 0.14460784313725492
0 0.12745098039215685 0.09926470588235294 0.08496732026143791 0.14460784313725492
0 0.08006535947712418 0.5625 0.08496732026143791 0.14460784313725492
0 0.31209150326797386 0.4644607843137255 0.08496732026143791 0.14460784313725492
0 0.3790849673202614 0.25857843137254904 0.08496732026143791 0.14460784313725492
0 0.5964052287581699 0.16544117647058823 0.08496732026143791 0.14460784313725492
0 0.5130718954248366 0.26838235294117646 0.08496732026143791 0.14460784313725492
0 0.4362745098039216 0.1409313725490196 0.08496732026143791 0.14460784313725492
0 0.5138888888888888 0.10784313725490197 0.08006535947712418 0.16666666666666666
0 0.06045751633986928 0.2928921568627451 0.08496732026143791 0.14460784313725492
0 0.2238562091503268 0.39828431372549017 0.08496732026143791 0.14460784313725492
0 0.13562091503267973 0.7708333333333334 0.08496732026143791 0.14460784313725492
0 0.23202614379084968 0.6801470588235294 0.08496732026143791 0.14460784313725492
0 0.3709150326797386 0.6580882352941176 0.08496732026143791 0.14460784313725492
0 0.5980392156862745 0.41544117647058826 0.08496732026143791 0.14460784313725492
0 0.6928104575163399 0.3394607843137255 0.08496732026143791 0.14460784313725492
0 0.2875816993464052 0.19975490196078433 0.08496732026143791 0.14460784313725492
0 0.23202614379084968 0.5526960784313726 0.08496732026143791 0.14460784313725492
0 0.8480392156862745 0.5796568627450981 0.08496732026143791 0.14460784313725492
0 0.7647058823529411 0.7218137254901961 0.08496732026143791 0.14460784313725492
0 0.946078431372549 0.9252450980392157 0.08496732026143791 0.14460784313725492
0 0.6895424836601307 0.8933823529411765 0.08496732026143791 0.14460784313725492
0 0.923202614379085 0.24877450980392157 0.08496732026143791 0.14460784313725492
0 0.1437908496732026 0.4693627450980392 0.08496732026143791 0.14460784313725492
0 0.16176470588235295 0.6213235294117647 0.08496732026143791 0.14460784313725492
0 0.04084967320261438 0.758578431372549 0.08169934640522876 0.14460784313725492
0 0.6944444444444444 0.4889705882352941 0.08496732026143791 0.14460784313725492
0 0.8300653594771242 0.36642156862745096 0.08496732026143791 0.14460784313725492
0 0.9133986928104575 0.11887254901960784 0.08496732026143791 0.14460784313725492
0 0.6078431372549019 0.5649509803921569 0.08496732026143791 0.14460784313725492
0 0.7826797385620915 0.5649509803921569 0.08496732026143791 0.14460784313725492