0 0.25666666666666665 0.7147971360381862 0.06666666666666667 0.06921241050119331
0 0.3433333333333333 0.4212410501193317 0.06666666666666667 0.06921241050119331
0 0.42 0.5954653937947494 0.06666666666666667 0.06921241050119331
0 0.5133333333333333 0.3520286396181384 0.06666666666666667 0.06921241050119331
0 0.5133333333333333 0.2971360381861575 0.06666666666666667 0.06921241050119331
0 0.5083333333333333 0.2398568019093079 0.06666666666666667 0.06921241050119331
0 0.49666666666666665 0.18496420047732698 0.06666666666666667 0.06921241050119331
0 0.49833333333333335 0.12291169451073986 0.06666666666666667 0.06921241050119331
0 0.6716666666666666 0.1730310262529833 0.06666666666666667 0.06921241050119331
0 0.14 0.32577565632458233 0.06666666666666667 0.06921241050119331
0 0.23333333333333334 0.32100238663484487 0.06666666666666667 0.06921241050119331
0 0.3 0.3162291169451074 0.06666666666666667 0.06921241050119331
0 0.42333333333333334 0.25178997613365156 0.06666666666666667 0.06921241050119331
0 0.38 0.18257756563245822 0.06666666666666667 0.06921241050119331
0 0.235 0.7816229116945107 0.06666666666666667 0.06921241050119331
0 0.03333333333333333 0.5429594272076372 0.06666666666666667 0.06921241050119331
0 0.8683333333333333 0.3496420047732697 0.06666666666666667 0.06921241050119331
0 0.895 0.10381861575178998 0.06666666666666667 0.06921241050119331
0 0.20666666666666667 0.5310262529832935 0.06666666666666667 0.06921241050119331
0 0.09333333333333334 0.5381861575178998 0.06666666666666667 0.06921241050119331
0 0.42833333333333334 0.2541766109785203 0.06666666666666667 0.06921241050119331
0 0.9216666666666666 0.8317422434367542 0.06666666666666667 0.06921241050119331
0 0.735 0.905727923627685 0.06666666666666667 0.06921241050119331
0 0.42833333333333334 0.8985680190930787 0.06666666666666667 0.06921241050119331
0 0.34 0.535799522673031 0.06666666666666667 0.06921241050119331
0 0.3383333333333333 0.418854415274463 0.06666666666666667 0.06921241050119331
0 0.17666666666666667 0.09904534606205251 0.06666666666666667 0.06921241050119331
0 0.04833333333333333 0.7147971360381862 0.07333333333333333 0.06921241050119331
0 0.3983333333333333 0.7004773269689738 0.06666666666666667 0.06921241050119331
0 0.8 0.09665871121718377 0.06666666666666667 0.06921241050119331
0 0.34 0.03937947494033413 0.06666666666666667 0.06921241050119331
0 0.8566666666666667 0.41408114558472553 0.06666666666666667 0.06921241050119331
0 0.7366666666666667 0.698090692124105 0.06666666666666667 0.06921241050119331
0 0.125 0.7649164677804295 0.06666666666666667 0.06921241050119331
0 0.48 0.5525059665871122 0.06666666666666667 0.06921241050119331
0 0.48 0.6933174224343676 0.06666666666666667 0.06921241050119331
0 0.9 0.23031026252983294 0.06666666666666667 0.06921241050119331
0 0.5533333333333333 0.11336515513126491 0.06666666666666667 0.06921241050119331
0 0.775 0.1658711217183771 0.06666666666666667 0.06921241050119331
0 0.37333333333333335 0.12052505966587113 0.06666666666666667 0.06921241050119331
0 0.7 0.41646778042959426 0.06666666666666667 0.06921241050119331
0 0.5616666666666666 0.40930787589498807 0.06666666666666667 0.06921241050119331
0 0.43666666666666665 0.4045346062052506 0.06666666666666667 0.06921241050119331
0 0.25833333333333336 0.9009546539379475 0.06666666666666667 0.06921241050119331
0 0.8316666666666667 0.8317422434367542 0.06666666666666667 0.06921241050119331
0 0.0325 0.8365155131264916 0.065 0.06921241050119331
0 0.68 0.7720763723150358 0.06666666666666667 0.06921241050119331
0 0.5983333333333334 0.7696897374701671 0.06666666666666667 0.06921241050119331
0 0.305 0.8221957040572793 0.06666666666666667 0.06921241050119331
0 0.185 0.850835322195704 0.06666666666666667 0.06921241050119331
0 0.09166666666666666 0.3854415274463007 0.06666666666666667 0.06921241050119331
0 0.06 0.05369928400954654 0.06666666666666667 0.06921241050119331
0 0.06 0.2684964200477327 0.06666666666666667 0.06921241050119331
0 0.13833333333333334 0.21837708830548927 0.06666666666666667 0.06921241050119331
0 0.305 0.19451073985680192 0.06666666666666667 0.06921241050119331
0 0.68 0.28997613365155134 0.06666666666666667 0.06921241050119331
0 0.3433333333333333 0.9009546539379475 0.06666666666666667 0.06921241050119331
0 0.23166666666666666 0.4212410501193317 0.06666666666666667 0.06921241050119331
0 0.615 0.8365155131264916 0.06666666666666667 0.06921241050119331
0 0.09666666666666666 0.834128878281623 0.06666666666666667 0.06921241050119331
0 0.4266666666666667 0.7720763723150358 0.06666666666666667 0.06921241050119331
0 0.5966666666666667 0.28758949880668255 0.06666666666666667 0.06921241050119331
0 0.3883333333333333 0.3424821002386635 0.06666666666666667 0.06921241050119331
0 0.35 0.7052505966587113 0.05 0.08353221957040573
0 0.30916666666666665 0.7136038186157518 0.051666666666666666 0.0954653937947494