0 0.35784313725490197 0.5772058823529411 0.0915032679738562 0.12990196078431374
0 0.6486928104575164 0.46200980392156865 0.0915032679738562 0.12990196078431374
0 0.7320261437908496 0.39828431372549017 0.0915032679738562 0.12990196078431374
0 0.7679738562091504 0.5061274509803921 0.0915032679738562 0.12990196078431374
0 0.27941176470588236 0.17279411764705882 0.0915032679738562 0.12990196078431374
0 0.35784313725490197 0.7634803921568627 0.0915032679738562 0.12990196078431374
0 0.6617647058823529 0.8468137254901961 0.0915032679738562 0.12990196078431374
0 0.5686274509803921 0.9325980392156863 0.0915032679738562 0.12990196078431374
0 0.4297385620915033 0.5465686274509803 0.10457516339869281 0.14705882352941177
0 0.5147058823529411 0.8075980392156863 0.0915032679738562 0.12990196078431374
0 0.6601307189542484 0.2928921568627451 0.0915032679738562 0.12990196078431374
0 0.5212418300653595 0.3713235294117647 0.0915032679738562 0.12990196078431374
0 0.22875816993464052 0.5428921568627451 0.0915032679738562 0.12990196078431374
0 0.5392156862745098 0.5980392156862745 0.08169934640522876 0.13725490196078433
0 0.20588235294117646 0.32107843137254904 0.08169934640522876 0.13725490196078433
0 0.8725490196078431 0.36519607843137253 0.08169934640522876 0.13725490196078433
0 0.3888888888888889 0.14215686274509803 0.08169934640522876 0.13725490196078433
0 0.7352941176470589 0.125 0.08169934640522876 0.13725490196078433
0 0.8562091503267973 0.5147058823529411 0.08169934640522876 0.13725490196078433
0 0.7565359477124183 0.25 0.08169934640522876 0.13725490196078433
0 0.2696078431372549 0.4362745098039216 0.08169934640522876 0.13725490196078433