0 0.17532467532467533 0.7446428571428572 0.18181818181818182 0.18214285714285713
0 0.48268398268398266 0.6821428571428572 0.11255411255411256 0.16428571428571428
0 0.4880952380952381 0.85 0.11471861471861472 0.15714285714285714
0 0.8560606060606061 0.6607142857142857 0.15800865800865802 0.22857142857142856
0 0.8538961038961039 0.18035714285714285 0.16666666666666666 0.18928571428571428
0 0.672077922077922 0.17142857142857143 0.1277056277056277 0.18571428571428572
0 0.3787878787878788 0.14107142857142857 0.09956709956709957 0.175
0 0.4935064935064935 0.45 0.09523809523809523 0.17857142857142858
0 0.7380952380952381 0.36607142857142855 0.18181818181818182 0.18214285714285713
0 0.16883116883116883 0.5160714285714286 0.18181818181818182 0.18214285714285713
0 0.6136363636363636 0.7125 0.13203463203463203 0.14642857142857144
0 0.5097402597402597 0.2625 0.08874458874458875 0.16785714285714284