0 0.33875 0.5650723025583982 0.1175 0.15127919911012236
0 0.33708333333333335 0.5628476084538376 0.1175 0.15127919911012236
0 0.8220833333333334 0.625139043381535 0.1175 0.15127919911012236
0 0.9129166666666667 0.7530589543937709 0.1175 0.15127919911012236
0 0.7029166666666666 0.5005561735261401 0.1175 0.15127919911012236
0 0.20208333333333334 0.21023359288097887 0.1175 0.15127919911012236
0 0.09791666666666667 0.21134593993325917 0.1175 0.15127919911012236
0 0.8204166666666667 0.2914349276974416 0.1175 0.15127919911012236
0 0.67625 0.6907675194660734 0.1175 0.15127919911012236
0 0.37125 0.8832035595105673 0.1175 0.15127919911012236
0 0.49541666666666667 0.8576195773081201 0.1175 0.15127919911012236
0 0.47291666666666665 0.7185761957730812 0.1175 0.15127919911012236
0 0.6629166666666667 0.135706340378198 0.1175 0.15127919911012236
0 0.4295833333333333 0.07452725250278086 0.1175 0.14905450500556172
0 0.30541666666666667 0.07452725250278086 0.1175 0.14905450500556172
0 0.5591666666666667 0.532258064516129 0.12 0.13014460511679643
0 0.57625 0.3882091212458287 0.1175 0.15127919911012236
0 0.46041666666666664 0.37263626251390436 0.1175 0.15127919911012236
0 0.33375 0.40489432703003336 0.1175 0.15127919911012236
0 0.20958333333333334 0.3870967741935484 0.1175 0.15127919911012236
0 0.33458333333333334 0.746384872080089 0.1175 0.15127919911012236
0 0.18791666666666668 0.5895439377085651 0.1175 0.15127919911012236
0 0.23583333333333334 0.7936596218020022 0.125 0.1635150166852058