0 0.236328125 0.58203125 0.150390625 0.15234375
0 0.1591796875 0.73046875 0.162109375 0.1796875
0 0.376953125 0.72265625 0.15234375 0.158203125
0 0.279296875 0.85546875 0.173828125 0.162109375
0 0.416015625 0.41796875 0.13671875 0.15625
0 0.26171875 0.46337890625 0.134765625 0.1259765625
0 0.1728515625 0.333984375 0.107421875 0.12890625
0 0.486328125 0.5849609375 0.146484375 0.1171875
0 0.63427734375 0.74609375 0.1650390625 0.18359375
0 0.8232421875 0.69677734375 0.1484375 0.1611328125
0 0.84228515625 0.9072265625 0.1826171875 0.1640625
0 0.69580078125 0.25244140625 0.1689453125 0.1162109375
0 0.5146484375 0.115234375 0.126953125 0.1328125
0 0.2392578125 0.1708984375 0.12109375 0.1484375
0 0.34033203125 0.3095703125 0.1083984375 0.15234375