0 0.36767578125 0.22265625 0.2666015625 0.26171875
0 0.1162109375 0.17529296875 0.232421875 0.2451171875
0 0.26953125 0.4541015625 0.234375 0.255859375
0 0.0908203125 0.37890625 0.181640625 0.232421875
0 0.52880859375 0.52490234375 0.2568359375 0.2216796875
0 0.38330078125 0.73876953125 0.2822265625 0.2587890625
0 0.1435546875 0.83935546875 0.26171875 0.2724609375
0 0.0947265625 0.603515625 0.189453125 0.2265625
0 0.513671875 0.5302734375 0.26171875 0.232421875
0 0.81494140625 0.63525390625 0.3154296875 0.3486328125
0 0.6103515625 0.263671875 0.251953125 0.255859375
0 0.8046875 0.10107421875 0.27734375 0.2021484375