0 0.3125 0.572265625 0.208984375 0.189453125
0 0.5908203125 0.44091796875 0.173828125 0.1767578125
0 0.28125 0.8359375 0.240234375 0.205078125
0 0.517578125 0.73876953125 0.203125 0.2138671875
0 0.64697265625 0.634765625 0.1826171875 0.1796875
0 0.140625 0.55908203125 0.16015625 0.1689453125
0 0.095703125 0.78125 0.19140625 0.208984375
0 0.32275390625 0.291015625 0.1708984375 0.181640625
0 0.08154296875 0.36474609375 0.1533203125 0.1826171875
0 0.4228515625 0.466796875 0.138671875 0.1640625
0 0.47802734375 0.2021484375 0.1298828125 0.158203125
0 0.6669921875 0.2744140625 0.158203125 0.166015625
0 0.7529296875 0.447265625 0.12890625 0.1640625
0 0.92041015625 0.34326171875 0.1474609375 0.1728515625