0 0.12109375 0.72412109375 0.173828125 0.1826171875
0 0.267578125 0.89404296875 0.1953125 0.2060546875
0 0.45947265625 0.6298828125 0.1552734375 0.173828125
0 0.61962890625 0.73583984375 0.1787109375 0.1416015625
0 0.45068359375 0.40625 0.1904296875 0.166015625
0 0.76708984375 0.4326171875 0.1650390625 0.134765625
0 0.81494140625 0.578125 0.1845703125 0.12109375
0 0.67724609375 0.8837890625 0.1943359375 0.173828125
0 0.33740234375 0.18115234375 0.1728515625 0.2001953125
0 0.51611328125 0.078125 0.1943359375 0.154296875
0 0.54150390625 0.22998046875 0.1806640625 0.1279296875
0 0.2109375 0.5283203125 0.1953125 0.166015625
0 0.904296875 0.17822265625 0.1796875 0.1748046875
0 0.7470703125 0.11669921875 0.166015625 0.1650390625