0 0.55908203125 0.8642578125 0.2841796875 0.26953125
0 0.5 0.5771484375 0.21875 0.19921875
0 0.40234375 0.45703125 0.208984375 0.1875
0 0.31494140625 0.6279296875 0.2236328125 0.173828125
0 0.181640625 0.78955078125 0.2109375 0.2021484375
0 0.2216796875 0.50146484375 0.1640625 0.1669921875
0 0.34033203125 0.13720703125 0.1376953125 0.1396484375
0 0.4736328125 0.302734375 0.14453125 0.146484375
0 0.65625 0.263671875 0.173828125 0.1640625
0 0.23291015625 0.2373046875 0.1826171875 0.1796875
0 0.69384765625 0.69775390625 0.2216796875 0.2080078125
0 0.31982421875 0.63232421875 0.1552734375 0.1572265625
0 0.74169921875 0.353515625 0.1767578125 0.2109375