0 0.5556640625 0.84033203125 0.28515625 0.3115234375
0 0.68994140625 0.55712890625 0.2587890625 0.2236328125
0 0.35595703125 0.6123046875 0.2099609375 0.212890625
0 0.41015625 0.306640625 0.224609375 0.19921875
0 0.701171875 0.20751953125 0.20703125 0.2333984375
0 0.88427734375 0.0966796875 0.2197265625 0.189453125
0 0.09716796875 0.705078125 0.1943359375 0.224609375
0 0.17724609375 0.25244140625 0.1982421875 0.2177734375
0 0.1650390625 0.07568359375 0.205078125 0.1494140625
0 0.41015625 0.1171875 0.203125 0.171875
0 0.572265625 0.44873046875 0.1796875 0.1826171875
0 0.810546875 0.421875 0.240234375 0.2265625
0 0.2880859375 0.86865234375 0.2265625 0.2607421875