0 0.2431640625 0.83447265625 0.19140625 0.1767578125
0 0.29541015625 0.603515625 0.1923828125 0.169921875
0 0.544921875 0.587890625 0.1640625 0.13671875
0 0.625 0.74169921875 0.1640625 0.1708984375
0 0.48779296875 0.86767578125 0.1748046875 0.2001953125
0 0.708984375 0.51171875 0.146484375 0.13671875
0 0.78271484375 0.68798828125 0.1748046875 0.1884765625
0 0.3974609375 0.2822265625 0.115234375 0.119140625
0 0.927734375 0.70947265625 0.142578125 0.1904296875
0 0.91748046875 0.90380859375 0.1630859375 0.1904296875
0 0.54443359375 0.4501953125 0.1611328125 0.1328125
0 0.1171875 0.52392578125 0.171875 0.1474609375
0 0.5517578125 0.45068359375 0.130859375 0.1474609375