0 0.2275390625 0.841796875 0.140625 0.150390625
0 0.3330078125 0.779296875 0.138671875 0.12890625
0 0.17041015625 0.60595703125 0.1259765625 0.1064453125
0 0.51123046875 0.521484375 0.1318359375 0.115234375
0 0.45849609375 0.74462890625 0.1279296875 0.1279296875
0 0.119140625 0.41357421875 0.134765625 0.1201171875
0 0.2529296875 0.4814453125 0.12109375 0.126953125
0 0.8662109375 0.53076171875 0.146484375 0.1552734375
0 0.6435546875 0.7353515625 0.126953125 0.13671875
0 0.66162109375 0.89892578125 0.1318359375 0.1220703125
0 0.90380859375 0.74462890625 0.1474609375 0.1396484375
0 0.77490234375 0.853515625 0.1591796875 0.171875
0 0.349609375 0.60595703125 0.150390625 0.1220703125
0 0.69775390625 0.427734375 0.1298828125 0.107421875
0 0.49365234375 0.630859375 0.1396484375 0.09765625
0 0.14306640625 0.76171875 0.1337890625 0.130859375
0 0.10546875 0.5224609375 0.1328125 0.11328125