0 0.34912109375 0.39111328125 0.1669921875 0.1650390625
0 0.1259765625 0.373046875 0.173828125 0.171875
0 0.11767578125 0.68994140625 0.1904296875 0.1767578125
0 0.0771484375 0.8876953125 0.14453125 0.171875
0 0.2392578125 0.890625 0.169921875 0.1796875
0 0.6572265625 0.353515625 0.158203125 0.171875
0 0.43359375 0.109375 0.171875 0.13671875
0 0.1591796875 0.08251953125 0.197265625 0.1357421875
0 0.19384765625 0.21533203125 0.1611328125 0.1572265625
0 0.36865234375 0.21630859375 0.1416015625 0.1455078125
0 0.47314453125 0.3369140625 0.1396484375 0.142578125
0 0.5361328125 0.4794921875 0.16015625 0.138671875
0 0.38720703125 0.54638671875 0.1787109375 0.1513671875
0 0.578125 0.64697265625 0.171875 0.2041015625
0 0.4267578125 0.86181640625 0.1796875 0.1767578125
0 0.4072265625 0.697265625 0.162109375 0.15625
0 0.2421875 0.56689453125 0.1484375 0.1533203125
0 0.70166015625 0.5283203125 0.1630859375 0.169921875
0 0.89892578125 0.46826171875 0.1943359375 0.1689453125
0 0.82958984375 0.63623046875 0.1826171875 0.1708984375
0 0.64013671875 0.79541015625 0.1533203125 0.1689453125
0 0.927734375 0.86865234375 0.142578125 0.1650390625
0 0.7646484375 0.8740234375 0.126953125 0.177734375
0 0.6103515625 0.1494140625 0.15625 0.205078125
0 0.896484375 0.19287109375 0.1171875 0.1630859375
0 0.75439453125 0.2197265625 0.1103515625 0.134765625
0 0.8037109375 0.08544921875 0.142578125 0.1396484375