0 0.498046875 0.64990234375 0.185546875 0.1982421875
0 0.2001953125 0.7890625 0.216796875 0.1953125
0 0.66796875 0.5263671875 0.171875 0.1875
0 0.69189453125 0.7392578125 0.2080078125 0.1875
0 0.623046875 0.916015625 0.234375 0.166015625
0 0.18798828125 0.4736328125 0.2138671875 0.203125
0 0.369140625 0.404296875 0.150390625 0.1875
0 0.4248046875 0.2392578125 0.166015625 0.13671875
0 0.08203125 0.2724609375 0.162109375 0.146484375
0 0.23486328125 0.3056640625 0.1767578125 0.1484375
0 0.77001953125 0.35302734375 0.1591796875 0.1689453125
0 0.92138671875 0.61962890625 0.1552734375 0.1962890625
0 0.90380859375 0.30126953125 0.1611328125 0.1669921875
0 0.73291015625 0.20458984375 0.1591796875 0.1591796875
0 0.1123046875 0.65771484375 0.189453125 0.1650390625
0 0.15087890625 0.05517578125 0.1337890625 0.1005859375
0 0.5517578125 0.115234375 0.125 0.146484375