0 0.18798828125 0.4951171875 0.2021484375 0.205078125
0 0.81640625 0.55859375 0.1875 0.2265625
0 0.212890625 0.2119140625 0.16796875 0.21875
0 0.39404296875 0.26806640625 0.1357421875 0.1748046875
0 0.51318359375 0.21728515625 0.1240234375 0.2138671875
0 0.64599609375 0.12158203125 0.1123046875 0.1865234375
0 0.3203125 0.77099609375 0.166015625 0.2236328125
0 0.14990234375 0.8544921875 0.2626953125 0.279296875
0 0.5009765625 0.51806640625 0.173828125 0.2001953125
0 0.568359375 0.822265625 0.162109375 0.263671875
0 0.35009765625 0.5634765625 0.0849609375 0.099609375
0 0.82275390625 0.271484375 0.1103515625 0.1875
0 0.92724609375 0.38818359375 0.1318359375 0.1728515625