0 0.185546875 0.84228515625 0.28125 0.2548828125
0 0.58203125 0.822265625 0.236328125 0.23828125
0 0.26220703125 0.5791015625 0.1865234375 0.201171875
0 0.140625 0.26708984375 0.14453125 0.1240234375
0 0.1337890625 0.42578125 0.169921875 0.12890625
0 0.74755859375 0.44189453125 0.1728515625 0.1845703125
0 0.5546875 0.443359375 0.15234375 0.1796875
0 0.546875 0.25732421875 0.138671875 0.1474609375
0 0.8291015625 0.86865234375 0.224609375 0.2080078125
0 0.876953125 0.47998046875 0.19140625 0.1904296875
0 0.83349609375 0.69580078125 0.2158203125 0.1728515625