0 0.3603515625 0.7197265625 0.2265625 0.251953125
0 0.119140625 0.77783203125 0.228515625 0.2333984375
0 0.8359375 0.61279296875 0.232421875 0.2412109375
0 0.1181640625 0.22607421875 0.1953125 0.2275390625
0 0.30615234375 0.3671875 0.1669921875 0.177734375
0 0.54443359375 0.23095703125 0.1396484375 0.1748046875
0 0.8994140625 0.2353515625 0.158203125 0.21875
0 0.7724609375 0.2021484375 0.1171875 0.13671875
0 0.5341796875 0.0771484375 0.158203125 0.146484375
0 0.3525390625 0.103515625 0.1640625 0.197265625
0 0.57470703125 0.861328125 0.2490234375 0.234375