0 0.31982421875 0.68359375 0.1923828125 0.203125
0 0.5390625 0.875 0.25 0.205078125
0 0.755859375 0.53125 0.224609375 0.21875
0 0.56982421875 0.63623046875 0.2587890625 0.2412109375
0 0.8330078125 0.787109375 0.259765625 0.21875
0 0.400390625 0.453125 0.22265625 0.173828125
0 0.390625 0.140625 0.197265625 0.15625
0 0.19140625 0.50390625 0.201171875 0.2109375
0 0.11865234375 0.89111328125 0.2373046875 0.2158203125
0 0.73681640625 0.326171875 0.1982421875 0.18359375
0 0.5908203125 0.23876953125 0.189453125 0.1630859375
0 0.876953125 0.13330078125 0.203125 0.1689453125
0 0.689453125 0.06103515625 0.140625 0.1142578125
0 0.5546875 0.06103515625 0.130859375 0.1201171875
0 0.08544921875 0.22119140625 0.1611328125 0.1904296875
0 0.419921875 0.302734375 0.171875 0.142578125