0 0.28857421875 0.71630859375 0.1708984375 0.1845703125
0 0.412109375 0.52294921875 0.162109375 0.1728515625
0 0.1591796875 0.53759765625 0.171875 0.1435546875
0 0.1083984375 0.8857421875 0.21484375 0.2265625
0 0.4560546875 0.888671875 0.189453125 0.216796875
0 0.31689453125 0.359375 0.1767578125 0.15625
0 0.14892578125 0.3330078125 0.1611328125 0.17578125
0 0.25390625 0.09130859375 0.134765625 0.1279296875
0 0.19873046875 0.22607421875 0.1337890625 0.1376953125
0 0.119140625 0.060546875 0.146484375 0.119140625
0 0.36474609375 0.17333984375 0.1142578125 0.1376953125
0 0.48193359375 0.314453125 0.1689453125 0.15625
0 0.5576171875 0.693359375 0.203125 0.20703125
0 0.77197265625 0.69580078125 0.1982421875 0.1943359375