0 0.142578125 0.8583984375 0.28515625 0.255859375
0 0.4580078125 0.85791015625 0.271484375 0.2763671875
0 0.91015625 0.30419921875 0.177734375 0.1923828125
0 0.90185546875 0.529296875 0.1943359375 0.25390625
0 0.37646484375 0.619140625 0.2724609375 0.1953125
0 0.66650390625 0.4912109375 0.2294921875 0.1875
0 0.6904296875 0.70361328125 0.255859375 0.2470703125
0 0.16259765625 0.54638671875 0.2294921875 0.2236328125
0 0.1494140625 0.32470703125 0.181640625 0.1865234375
0 0.45166015625 0.27685546875 0.1728515625 0.2216796875
0 0.63525390625 0.32080078125 0.1669921875 0.2119140625
0 0.68798828125 0.17919921875 0.1943359375 0.1142578125