0 0.30126953125 0.70751953125 0.1767578125 0.2138671875
0 0.4990234375 0.61572265625 0.181640625 0.1923828125
0 0.50537109375 0.853515625 0.1923828125 0.21875
0 0.6728515625 0.52685546875 0.142578125 0.1689453125
0 0.83056640625 0.40625 0.1748046875 0.2109375
0 0.7294921875 0.24072265625 0.21875 0.1923828125
0 0.34130859375 0.38037109375 0.1826171875 0.2177734375
0 0.19384765625 0.49365234375 0.1396484375 0.1689453125
0 0.17333984375 0.2060546875 0.1787109375 0.208984375
0 0.78271484375 0.77001953125 0.1669921875 0.2158203125
0 0.91748046875 0.62841796875 0.1630859375 0.2001953125