0 0.23095703125 0.380859375 0.1591796875 0.177734375
0 0.369140625 0.57080078125 0.150390625 0.1513671875
0 0.22412109375 0.7373046875 0.1298828125 0.146484375
0 0.18896484375 0.546875 0.1376953125 0.146484375
0 0.74462890625 0.52685546875 0.1279296875 0.1376953125
0 0.56201171875 0.5380859375 0.1318359375 0.142578125
0 0.4619140625 0.72802734375 0.134765625 0.1162109375
0 0.39111328125 0.8232421875 0.1767578125 0.13671875
0 0.42431640625 0.24462890625 0.1689453125 0.1474609375
0 0.66796875 0.275390625 0.15625 0.15625
0 0.6552734375 0.70166015625 0.15625 0.1533203125
0 0.59326171875 0.8681640625 0.1630859375 0.126953125
0 0.08740234375 0.89501953125 0.1298828125 0.1728515625
0 0.07373046875 0.720703125 0.1474609375 0.177734375
0 0.0771484375 0.38232421875 0.134765625 0.1533203125
0 0.13916015625 0.11962890625 0.1259765625 0.1669921875
0 0.43115234375 0.09033203125 0.2080078125 0.1455078125
0 0.4501953125 0.3857421875 0.173828125 0.11328125
0 0.6591796875 0.4013671875 0.1796875 0.119140625
0 0.90576171875 0.52294921875 0.1767578125 0.1513671875
0 0.8349609375 0.6640625 0.181640625 0.1484375
0 0.8720703125 0.8427734375 0.171875 0.150390625
0 0.7314453125 0.87109375 0.138671875 0.140625
0 0.4580078125 0.93212890625 0.150390625 0.1337890625