0 0.09326171875 0.6669921875 0.1455078125 0.169921875
0 0.28173828125 0.63330078125 0.1630859375 0.1455078125
0 0.27197265625 0.79541015625 0.1552734375 0.1689453125
0 0.4794921875 0.7373046875 0.1328125 0.15625
0 0.4287109375 0.89306640625 0.150390625 0.1611328125
0 0.57177734375 0.4345703125 0.1435546875 0.138671875
0 0.23681640625 0.40576171875 0.1591796875 0.1572265625
0 0.7646484375 0.669921875 0.154296875 0.158203125
0 0.61083984375 0.73388671875 0.1318359375 0.1669921875
0 0.44775390625 0.33154296875 0.1005859375 0.1318359375
0 0.34033203125 0.28125 0.1240234375 0.1171875
0 0.892578125 0.412109375 0.140625 0.16015625
0 0.7470703125 0.4970703125 0.125 0.134765625
0 0.52294921875 0.19580078125 0.1201171875 0.1298828125
0 0.21728515625 0.24755859375 0.1396484375 0.1318359375
0 0.16259765625 0.1142578125 0.1279296875 0.12890625
0 0.599609375 0.072265625 0.130859375 0.12890625
0 0.69677734375 0.908203125 0.1767578125 0.1796875
0 0.90966796875 0.900390625 0.1787109375 0.193359375
0 0.72705078125 0.3662109375 0.1318359375 0.1171875
0 0.787109375 0.15625 0.10546875 0.123046875