0 0.46923828125 0.70654296875 0.1806640625 0.1591796875
0 0.490234375 0.5537109375 0.1640625 0.126953125
0 0.65673828125 0.87890625 0.1845703125 0.208984375
0 0.12841796875 0.87890625 0.1748046875 0.197265625
0 0.3837890625 0.89111328125 0.181640625 0.1943359375
0 0.20263671875 0.60400390625 0.1650390625 0.1533203125
0 0.421875 0.39404296875 0.142578125 0.1181640625
0 0.60888671875 0.64599609375 0.1435546875 0.1376953125
0 0.63037109375 0.509765625 0.1259765625 0.134765625
0 0.85302734375 0.77197265625 0.1708984375 0.1845703125
0 0.9189453125 0.61865234375 0.16015625 0.1591796875