0 0.46875 0.3798828125 0.14453125 0.140625
0 0.47021484375 0.16552734375 0.1611328125 0.1767578125
0 0.65771484375 0.40869140625 0.1552734375 0.1630859375
0 0.69384765625 0.68994140625 0.1845703125 0.1611328125
0 0.3056640625 0.68896484375 0.169921875 0.1513671875
0 0.24609375 0.1162109375 0.140625 0.134765625
0 0.1005859375 0.09326171875 0.134765625 0.1708984375
0 0.14013671875 0.28173828125 0.1611328125 0.1474609375
0 0.57275390625 0.265625 0.1396484375 0.15234375
0 0.8916015625 0.75927734375 0.19140625 0.1748046875
0 0.68603515625 0.91650390625 0.2373046875 0.1650390625
0 0.375 0.91064453125 0.255859375 0.1767578125