0 0.1259765625 0.82373046875 0.251953125 0.2783203125
0 0.4287109375 0.76611328125 0.26171875 0.2529296875
0 0.443359375 0.5244140625 0.2265625 0.216796875
0 0.42333984375 0.341796875 0.2041015625 0.173828125
0 0.65283203125 0.59521484375 0.2001953125 0.2314453125
0 0.876953125 0.66357421875 0.244140625 0.2509765625
0 0.8388671875 0.8828125 0.291015625 0.232421875
0 0.212890625 0.2900390625 0.2265625 0.19140625
0 0.1787109375 0.60107421875 0.2734375 0.1962890625
0 0.70556640625 0.40673828125 0.2275390625 0.1748046875
0 0.61962890625 0.27001953125 0.2275390625 0.1552734375
0 0.58740234375 0.16748046875 0.1904296875 0.1318359375
0 0.8994140625 0.3251953125 0.19921875 0.193359375
0 0.8046875 0.16796875 0.1796875 0.12890625
0 0.70947265625 0.0888671875 0.1572265625 0.1015625
0 0.42041015625 0.19873046875 0.1923828125 0.1142578125
0 0.388671875 0.07421875 0.130859375 0.11328125
0 0.22119140625 0.13037109375 0.1728515625 0.1240234375