0 0.42724609375 0.365234375 0.1533203125 0.15625
0 0.6298828125 0.87841796875 0.248046875 0.2001953125
0 0.77783203125 0.66455078125 0.1962890625 0.2001953125
0 0.6552734375 0.42431640625 0.197265625 0.1748046875
0 0.53076171875 0.5712890625 0.1826171875 0.15625
0 0.19580078125 0.5419921875 0.1806640625 0.1875
0 0.314453125 0.8466796875 0.236328125 0.216796875
0 0.56689453125 0.24853515625 0.1591796875 0.1650390625
0 0.80859375 0.322265625 0.181640625 0.17578125
0 0.912109375 0.5478515625 0.173828125 0.1796875
0 0.455078125 0.0927734375 0.158203125 0.177734375
0 0.16552734375 0.1533203125 0.1787109375 0.17578125
0 0.1298828125 0.314453125 0.23046875 0.171875
0 0.68505859375 0.1591796875 0.1806640625 0.150390625