0 0.40576171875 0.67333984375 0.1318359375 0.1181640625
0 0.5498046875 0.595703125 0.11328125 0.142578125
0 0.61962890625 0.69140625 0.1220703125 0.134765625
0 0.306640625 0.61181640625 0.1015625 0.1064453125
0 0.28173828125 0.50048828125 0.1064453125 0.1103515625
0 0.34228515625 0.373046875 0.1142578125 0.126953125
0 0.44384765625 0.47412109375 0.0947265625 0.1240234375
0 0.53759765625 0.4423828125 0.1123046875 0.12109375
0 0.6484375 0.32568359375 0.1015625 0.1083984375
0 0.58349609375 0.24951171875 0.0830078125 0.1376953125
0 0.48486328125 0.201171875 0.0908203125 0.11328125
0 0.404296875 0.15283203125 0.09375 0.1005859375
0 0.76513671875 0.828125 0.2060546875 0.173828125
0 0.84228515625 0.6572265625 0.1982421875 0.150390625
0 0.193359375 0.34765625 0.11328125 0.126953125
0 0.18359375 0.19384765625 0.095703125 0.1083984375
0 0.09228515625 0.12744140625 0.1025390625 0.0986328125
0 0.30078125 0.85009765625 0.13671875 0.1494140625