0 0.41748046875 0.81494140625 0.1904296875 0.2216796875
0 0.20263671875 0.90185546875 0.2509765625 0.1943359375
0 0.2236328125 0.7001953125 0.203125 0.171875
0 0.20703125 0.51806640625 0.181640625 0.1767578125
0 0.3935546875 0.44189453125 0.185546875 0.2060546875
0 0.2275390625 0.3271484375 0.205078125 0.171875
0 0.103515625 0.3212890625 0.20703125 0.18359375
0 0.6298828125 0.310546875 0.17578125 0.19921875
0 0.74462890625 0.625 0.1884765625 0.2421875
0 0.716796875 0.09130859375 0.197265625 0.1630859375
0 0.509765625 0.08447265625 0.158203125 0.1611328125
0 0.33447265625 0.08203125 0.1455078125 0.15625
0 0.1787109375 0.05810546875 0.125 0.1142578125
0 0.34326171875 0.21484375 0.1865234375 0.13671875