0 0.24169921875 0.490234375 0.1748046875 0.1796875
0 0.14599609375 0.71826171875 0.1923828125 0.2041015625
0 0.39501953125 0.53857421875 0.1611328125 0.1806640625
0 0.56201171875 0.69970703125 0.1455078125 0.2412109375
0 0.7216796875 0.74267578125 0.150390625 0.2138671875
0 0.34521484375 0.2666015625 0.1162109375 0.119140625
0 0.73681640625 0.9267578125 0.2236328125 0.125
0 0.8857421875 0.8173828125 0.169921875 0.23828125
0 0.76611328125 0.58203125 0.2021484375 0.1796875
0 0.54931640625 0.2099609375 0.1298828125 0.1484375
0 0.6416015625 0.38037109375 0.142578125 0.1396484375