0 0.3642578125 0.6787109375 0.1796875 0.171875
0 0.61669921875 0.60498046875 0.1650390625 0.1552734375
0 0.64990234375 0.7587890625 0.1630859375 0.13671875
0 0.291015625 0.89013671875 0.189453125 0.1884765625
0 0.45166015625 0.8037109375 0.1357421875 0.1796875
0 0.70166015625 0.900390625 0.1923828125 0.181640625
0 0.705078125 0.4443359375 0.1796875 0.15625
0 0.5068359375 0.22705078125 0.158203125 0.1611328125
0 0.208984375 0.6611328125 0.154296875 0.13671875
0 0.4609375 0.36865234375 0.162109375 0.1376953125
0 0.31591796875 0.341796875 0.1298828125 0.12109375
0 0.1826171875 0.3076171875 0.146484375 0.126953125
0 0.06982421875 0.5185546875 0.1396484375 0.12109375
0 0.1337890625 0.1669921875 0.162109375 0.119140625
0 0.3203125 0.16748046875 0.1640625 0.1611328125
0 0.76904296875 0.62109375 0.1396484375 0.12890625
0 0.85302734375 0.72900390625 0.1806640625 0.1142578125