0 0.38818359375 0.55078125 0.2705078125 0.291015625
0 0.22216796875 0.76025390625 0.3701171875 0.3720703125
0 0.63623046875 0.52392578125 0.2216796875 0.2373046875
0 0.35888671875 0.19921875 0.2041015625 0.23828125
0 0.15625 0.1416015625 0.2109375 0.2265625
0 0.1357421875 0.33740234375 0.1875 0.2373046875
0 0.701171875 0.30517578125 0.197265625 0.2373046875
0 0.5126953125 0.294921875 0.201171875 0.236328125
0 0.48486328125 0.8671875 0.3076171875 0.263671875
0 0.669921875 0.837890625 0.24609375 0.26953125
0 0.80078125 0.64990234375 0.248046875 0.2568359375
0 0.87109375 0.375 0.2109375 0.228515625
0 0.517578125 0.09619140625 0.1796875 0.1923828125