0 0.27587890625 0.79443359375 0.2451171875 0.2509765625
0 0.51416015625 0.880859375 0.2236328125 0.232421875
0 0.583984375 0.662109375 0.232421875 0.248046875
0 0.39599609375 0.5400390625 0.2001953125 0.20703125
0 0.31201171875 0.423828125 0.1845703125 0.1796875
0 0.1376953125 0.42236328125 0.2109375 0.1826171875
0 0.16796875 0.2080078125 0.177734375 0.2109375
0 0.08056640625 0.2763671875 0.1611328125 0.16796875
0 0.41162109375 0.23876953125 0.2060546875 0.2158203125
0 0.275390625 0.09716796875 0.173828125 0.1943359375
0 0.78076171875 0.4501953125 0.2138671875 0.201171875
0 0.7412109375 0.2509765625 0.203125 0.17578125
0 0.892578125 0.88671875 0.212890625 0.224609375
0 0.7685546875 0.64599609375 0.205078125 0.2490234375
0 0.91552734375 0.30419921875 0.1669921875 0.2021484375