0 0.1337890625 0.44189453125 0.140625 0.1318359375
0 0.18359375 0.63427734375 0.134765625 0.1337890625
0 0.630859375 0.6328125 0.15234375 0.15234375
0 0.23193359375 0.2919921875 0.1318359375 0.12109375
0 0.39892578125 0.24462890625 0.1435546875 0.1279296875
0 0.61279296875 0.48876953125 0.1181640625 0.1162109375
0 0.76123046875 0.7138671875 0.1689453125 0.126953125
0 0.72216796875 0.84375 0.1806640625 0.1328125
0 0.40283203125 0.90087890625 0.1611328125 0.1767578125
0 0.4482421875 0.68212890625 0.12890625 0.1474609375
0 0.4423828125 0.50390625 0.109375 0.166015625
0 0.296875 0.40673828125 0.140625 0.1298828125
0 0.6005859375 0.326171875 0.150390625 0.130859375
0 0.65771484375 0.16943359375 0.1220703125 0.1494140625
0 0.81103515625 0.505859375 0.1220703125 0.1171875
0 0.7119140625 0.4267578125 0.125 0.1328125
0 0.8212890625 0.34228515625 0.138671875 0.1357421875