0 0.3486328125 0.77294921875 0.26953125 0.2275390625
0 0.544921875 0.58349609375 0.224609375 0.2392578125
0 0.236328125 0.52734375 0.1875 0.2421875
0 0.34423828125 0.3896484375 0.1826171875 0.201171875
0 0.1220703125 0.66162109375 0.2421875 0.2783203125
0 0.56982421875 0.33740234375 0.2060546875 0.2060546875
0 0.72607421875 0.419921875 0.1787109375 0.265625
0 0.8369140625 0.7080078125 0.2890625 0.255859375
0 0.19091796875 0.2041015625 0.2001953125 0.224609375
0 0.40185546875 0.21826171875 0.1787109375 0.2470703125
0 0.65283203125 0.16064453125 0.1767578125 0.1630859375
0 0.86865234375 0.2578125 0.2060546875 0.20703125