0 0.2822265625 0.79541015625 0.33203125 0.3642578125
0 0.74267578125 0.41650390625 0.2216796875 0.2490234375
0 0.296875 0.52294921875 0.29296875 0.2509765625
0 0.4462890625 0.21923828125 0.173828125 0.2041015625
0 0.6298828125 0.23681640625 0.171875 0.1748046875
0 0.7783203125 0.16259765625 0.134765625 0.1591796875
0 0.9150390625 0.197265625 0.16796875 0.205078125
0 0.07275390625 0.27587890625 0.1455078125 0.1845703125
0 0.240234375 0.126953125 0.1640625 0.12890625
0 0.22998046875 0.2548828125 0.1533203125 0.1640625
0 0.6552734375 0.78369140625 0.28515625 0.1826171875
0 0.6083984375 0.5732421875 0.166015625 0.16015625
0 0.92041015625 0.5927734375 0.1572265625 0.248046875