0 0.45166015625 0.591796875 0.1845703125 0.15625
0 0.27294921875 0.2890625 0.1689453125 0.173828125
0 0.224609375 0.6337890625 0.154296875 0.150390625
0 0.46728515625 0.9130859375 0.1845703125 0.171875
0 0.7177734375 0.75 0.189453125 0.224609375
0 0.54052734375 0.34716796875 0.1552734375 0.1416015625
0 0.34521484375 0.44384765625 0.1552734375 0.1552734375
0 0.1708984375 0.1328125 0.15625 0.171875
0 0.33154296875 0.15380859375 0.1298828125 0.1708984375
0 0.46142578125 0.08837890625 0.1708984375 0.1689453125
0 0.697265625 0.54248046875 0.142578125 0.1533203125
0 0.56884765625 0.4697265625 0.1611328125 0.134765625
0 0.865234375 0.55224609375 0.171875 0.1396484375
0 0.783203125 0.400390625 0.15625 0.138671875
0 0.6083984375 0.1826171875 0.197265625 0.162109375