0 0.28173828125 0.50830078125 0.1923828125 0.2099609375
0 0.48974609375 0.3984375 0.2607421875 0.21875
0 0.3818359375 0.19287109375 0.24609375 0.2822265625
0 0.65087890625 0.24267578125 0.2080078125 0.2353515625
0 0.8134765625 0.146484375 0.25390625 0.263671875
0 0.79931640625 0.806640625 0.2607421875 0.248046875
0 0.33544921875 0.853515625 0.2060546875 0.208984375
0 0.1083984375 0.6337890625 0.20703125 0.265625
0 0.12451171875 0.35546875 0.2490234375 0.2265625
0 0.12939453125 0.1201171875 0.2587890625 0.232421875
0 0.57958984375 0.89990234375 0.2822265625 0.1982421875