0 0.59423828125 0.126953125 0.2587890625 0.23046875
0 0.37646484375 0.30908203125 0.2392578125 0.2451171875
0 0.10595703125 0.36279296875 0.2119140625 0.2294921875
0 0.12158203125 0.11767578125 0.2431640625 0.2216796875
0 0.193359375 0.6298828125 0.2421875 0.228515625
0 0.3564453125 0.50390625 0.294921875 0.1875
0 0.47705078125 0.6708984375 0.2568359375 0.25
0 0.6201171875 0.54150390625 0.201171875 0.2080078125
0 0.67919921875 0.3779296875 0.2158203125 0.17578125
0 0.32568359375 0.8125 0.1845703125 0.1796875
0 0.8779296875 0.6103515625 0.181640625 0.193359375
0 0.7177734375 0.73681640625 0.201171875 0.1708984375