0 0.13134765625 0.6142578125 0.1767578125 0.216796875
0 0.283203125 0.7529296875 0.189453125 0.1875
0 0.50830078125 0.75732421875 0.2001953125 0.1865234375
0 0.53076171875 0.583984375 0.2470703125 0.181640625
0 0.72216796875 0.84228515625 0.2099609375 0.2197265625
0 0.88232421875 0.76416015625 0.2275390625 0.2060546875
0 0.72998046875 0.603515625 0.1865234375 0.185546875
0 0.89111328125 0.58251953125 0.1884765625 0.2060546875
0 0.31103515625 0.4345703125 0.2138671875 0.1953125
0 0.53369140625 0.435546875 0.1689453125 0.166015625
0 0.69189453125 0.42822265625 0.1884765625 0.1513671875
0 0.87451171875 0.40966796875 0.1689453125 0.1826171875
0 0.8046875 0.279296875 0.15625 0.142578125
0 0.66259765625 0.2783203125 0.1474609375 0.134765625
0 0.51416015625 0.29052734375 0.1826171875 0.1025390625
0 0.310546875 0.26025390625 0.177734375 0.1904296875
0 0.11279296875 0.44091796875 0.1513671875 0.1396484375
0 0.1416015625 0.296875 0.150390625 0.1484375
0 0.3212890625 0.58740234375 0.203125 0.1474609375
0 0.50244140625 0.19091796875 0.1533203125 0.0927734375
0 0.634765625 0.1513671875 0.14453125 0.11328125
0 0.84326171875 0.1455078125 0.1455078125 0.14453125