0 0.5283203125 0.48193359375 0.232421875 0.2373046875
0 0.8125 0.36767578125 0.208984375 0.1767578125
0 0.8857421875 0.56689453125 0.212890625 0.2314453125
0 0.14013671875 0.830078125 0.2529296875 0.2421875
0 0.4931640625 0.8359375 0.248046875 0.236328125
0 0.703125 0.68408203125 0.263671875 0.2568359375
0 0.3212890625 0.62744140625 0.203125 0.1943359375
0 0.37158203125 0.2939453125 0.2607421875 0.224609375
0 0.16259765625 0.09033203125 0.2412109375 0.1806640625
0 0.47265625 0.107421875 0.275390625 0.20703125
0 0.63232421875 0.2587890625 0.2412109375 0.244140625
0 0.18212890625 0.43603515625 0.2216796875 0.2236328125