0 0.4228515625 0.69873046875 0.2265625 0.2705078125
0 0.2041015625 0.6025390625 0.248046875 0.234375
0 0.40673828125 0.42578125 0.2021484375 0.2109375
0 0.72705078125 0.71435546875 0.3037109375 0.2705078125
0 0.619140625 0.50048828125 0.208984375 0.1962890625
0 0.16552734375 0.873046875 0.2939453125 0.248046875
0 0.5654296875 0.9033203125 0.294921875 0.177734375
0 0.513671875 0.2138671875 0.130859375 0.140625
0 0.4033203125 0.22998046875 0.12890625 0.1611328125
0 0.1982421875 0.40771484375 0.154296875 0.1689453125
0 0.0703125 0.35546875 0.134765625 0.1796875
0 0.267578125 0.29052734375 0.150390625 0.1708984375
0 0.8349609375 0.53662109375 0.240234375 0.2080078125