0 0.240234375 0.5947265625 0.28515625 0.25
0 0.42431640625 0.791015625 0.2978515625 0.2578125
0 0.77099609375 0.66064453125 0.2705078125 0.2236328125
0 0.81298828125 0.8740234375 0.2744140625 0.197265625
0 0.33203125 0.33056640625 0.25 0.2255859375
0 0.14404296875 0.38037109375 0.2392578125 0.1884765625
0 0.62890625 0.115234375 0.201171875 0.220703125
0 0.43896484375 0.08251953125 0.1748046875 0.1650390625
0 0.49755859375 0.23681640625 0.2041015625 0.2177734375
0 0.81298828125 0.41357421875 0.2216796875 0.2255859375
0 0.48291015625 0.51611328125 0.2216796875 0.2646484375