0 0.14166666666666666 0.20078740157480315 0.12777777777777777 0.1732283464566929
0 0.2111111111111111 0.3641732283464567 0.12777777777777777 0.15354330708661418
0 0.9305555555555556 0.23228346456692914 0.12222222222222222 0.1732283464566929
0 0.25972222222222224 0.20078740157480315 0.08611111111111111 0.1889763779527559
0 0.8111111111111111 0.23818897637795275 0.1111111111111111 0.14566929133858267
0 0.6944444444444444 0.23031496062992127 0.11666666666666667 0.15354330708661418
0 0.5819444444444445 0.2263779527559055 0.11388888888888889 0.16141732283464566
0 0.46805555555555556 0.23622047244094488 0.11388888888888889 0.15748031496062992
0 0.35833333333333334 0.2125984251968504 0.12222222222222222 0.15748031496062992
0 0.4888888888888889 0.5688976377952756 0.12777777777777777 0.15354330708661418
0 0.36666666666666664 0.5610236220472441 0.12777777777777777 0.15354330708661418
0 0.25555555555555554 0.5452755905511811 0.12777777777777777 0.15354330708661418
0 0.09444444444444444 0.3641732283464567 0.12777777777777777 0.15354330708661418
0 0.3472222222222222 0.39960629921259844 0.12777777777777777 0.15354330708661418
0 0.1111111111111111 0.7145669291338582 0.12777777777777777 0.15354330708661418
0 0.85 0.5846456692913385 0.12777777777777777 0.15354330708661418
0 0.7277777777777777 0.5846456692913385 0.12777777777777777 0.15354330708661418
0 0.5916666666666667 0.5492125984251969 0.12777777777777777 0.15354330708661418
0 0.0625 0.8720472440944882 0.125 0.15354330708661418
0 0.4305555555555556 0.7381889763779528 0.12777777777777777 0.15354330708661418
0 0.33055555555555555 0.7224409448818898 0.12777777777777777 0.15354330708661418
0 0.2361111111111111 0.7106299212598425 0.12777777777777777 0.15354330708661418
0 0.875 0.75 0.12777777777777777 0.15354330708661418
0 0.7694444444444445 0.7539370078740157 0.12777777777777777 0.15354330708661418
0 0.6638888888888889 0.734251968503937 0.12777777777777777 0.15354330708661418
0 0.35138888888888886 0.860236220472441 0.08055555555555556 0.12992125984251968
0 0.2638888888888889 0.8720472440944882 0.1 0.1220472440944882
0 0.1736111111111111 0.8681102362204725 0.10277777777777777 0.1377952755905512
0 0.8166666666666667 0.8858267716535433 0.1 0.09448818897637795
0 0.7041666666666667 0.8838582677165354 0.10277777777777777 0.1062992125984252
0 0.5930555555555556 0.8858267716535433 0.10277777777777777 0.10236220472440945
0 0.46111111111111114 0.8877952755905512 0.11666666666666667 0.1062992125984252
0 0.6513888888888889 0.06692913385826772 0.10277777777777777 0.13385826771653545
0 0.7625 0.4035433070866142 0.10277777777777777 0.1377952755905512
0 0.4375 0.06692913385826772 0.10277777777777777 0.13385826771653545
0 0.32916666666666666 0.06692913385826772 0.10277777777777777 0.13385826771653545
0 0.22361111111111112 0.06692913385826772 0.10277777777777777 0.13385826771653545
0 0.1125 0.06692913385826772 0.10277777777777777 0.13385826771653545
0 0.9041666666666667 0.4035433070866142 0.10277777777777777 0.1377952755905512
0 0.8819444444444444 0.06692913385826772 0.10277777777777777 0.13385826771653545
0 0.7625 0.07283464566929133 0.10277777777777777 0.1377952755905512
0 0.6597222222222222 0.3838582677165354 0.10277777777777777 0.1377952755905512
0 0.5375 0.39173228346456695 0.10277777777777777 0.1377952755905512