0 0.8833333333333333 0.8090551181102362 0.22777777777777777 0.24803149606299213
0 0.6638888888888889 0.6476377952755905 0.2111111111111111 0.23228346456692914
0 0.39861111111111114 0.6614173228346457 0.18611111111111112 0.2283464566929134
0 0.125 0.7480314960629921 0.25 0.3779527559055118
0 0.12777777777777777 0.4547244094488189 0.15 0.16929133858267717
0 0.35555555555555557 0.4744094488188976 0.1 0.15354330708661418
0 0.26666666666666666 0.3937007874015748 0.09444444444444444 0.16535433070866143
0 0.5555555555555556 0.37401574803149606 0.08888888888888889 0.16535433070866143
0 0.4625 0.41929133858267714 0.09722222222222222 0.17716535433070865
0 0.7083333333333334 0.3799212598425197 0.07777777777777778 0.19291338582677164
0 0.7597222222222222 0.484251968503937 0.10833333333333334 0.16535433070866143
0 0.8402777777777778 0.4074803149606299 0.10277777777777777 0.14566929133858267
0 0.9041666666666667 0.3425196850393701 0.125 0.13385826771653545