0 0.14456869009584664 0.1366906474820144 0.12619808306709265 0.1630695443645084
0 0.3993610223642173 0.12470023980815348 0.12779552715654952 0.18225419664268586
0 0.5383386581469649 0.23741007194244604 0.12779552715654952 0.18225419664268586
0 0.536741214057508 0.08992805755395683 0.12779552715654952 0.17985611510791366
0 0.6677316293929713 0.12470023980815348 0.12779552715654952 0.18225419664268586
0 0.547923322683706 0.40047961630695444 0.12779552715654952 0.18225419664268586
0 0.33706070287539935 0.460431654676259 0.12779552715654952 0.18225419664268586
0 0.2507987220447284 0.40047961630695444 0.12779552715654952 0.18225419664268586
0 0.12300319488817892 0.46522781774580335 0.12779552715654952 0.18225419664268586
0 0.09744408945686901 0.8848920863309353 0.12779552715654952 0.18225419664268586
0 0.37859424920127793 0.6762589928057554 0.13738019169329074 0.1774580335731415
0 0.6900958466453674 0.4940047961630695 0.12779552715654952 0.18225419664268586
0 0.8354632587859425 0.2182254196642686 0.12779552715654952 0.18225419664268586
0 0.7060702875399361 0.3069544364508393 0.12779552715654952 0.18225419664268586
0 0.7971246006389776 0.5899280575539568 0.13738019169329074 0.1774580335731415
0 0.5287539936102237 0.5971223021582733 0.13738019169329074 0.1774580335731415
0 0.38977635782747605 0.8633093525179856 0.13738019169329074 0.1774580335731415
0 0.6900958466453674 0.8441247002398081 0.13738019169329074 0.1774580335731415
0 0.5463258785942492 0.7817745803357314 0.13738019169329074 0.1774580335731415
0 0.24840255591054314 0.7985611510791367 0.11661341853035144 0.19184652278177458
0 0.9408945686900958 0.6678657074340527 0.11501597444089456 0.1606714628297362
0 0.9432907348242812 0.8645083932853717 0.11022364217252396 0.1606714628297362
0 0.8138977635782748 0.7781774580335732 0.11022364217252396 0.1606714628297362
0 0.43849840255591055 0.46402877697841727 0.10063897763578275 0.1223021582733813
0 0.8186900958466453 0.07673860911270983 0.12300319488817892 0.15347721822541965
0 0.9369009584664537 0.08273381294964029 0.12300319488817892 0.15587529976019185