0 0.08385416666666666 0.3416666666666667 0.10729166666666666 0.15833333333333333
0 0.03763020833333333 0.6819444444444445 0.07526041666666666 0.16944444444444445
0 0.13984375 0.719212962962963 0.07708333333333334 0.1439814814814815
0 0.041796875 0.8930555555555556 0.07890625 0.18518518518518517
0 0.18802083333333333 0.9206018518518518 0.0953125 0.15138888888888888
0 0.28359375 0.8814814814814815 0.11614583333333334 0.16574074074074074
0 0.468359375 0.899074074074074 0.08515625 0.13333333333333333
0 0.5490885416666667 0.6375 0.11432291666666666 0.20833333333333334
0 0.7364583333333333 0.718287037037037 0.11614583333333334 0.17824074074074073
0 0.9536458333333333 0.7594907407407407 0.0921875 0.19212962962962962
0 0.80546875 0.8831018518518519 0.10833333333333334 0.18009259259259258
0 0.8075520833333333 0.24560185185185185 0.10416666666666667 0.18009259259259258
0 0.9397135416666667 0.2902777777777778 0.11640625 0.19074074074074074
0 0.8591145833333333 0.5828703703703704 0.103125 0.18518518518518517
0 0.7092447916666667 0.20925925925925926 0.09817708333333333 0.18888888888888888
0 0.730859375 0.4085648148148148 0.10703125 0.20694444444444443
0 0.3352864583333333 0.19837962962962963 0.07317708333333334 0.13194444444444445
0 0.19453125 0.38449074074074074 0.08802083333333334 0.15138888888888888
0 0.253125 0.2777777777777778 0.07916666666666666 0.13333333333333333
0 0.4940104166666667 0.25555555555555554 0.0921875 0.1638888888888889
0 0.679296875 0.9168981481481482 0.11015625 0.1550925925925926
0 0.6282552083333334 0.7592592592592593 0.10807291666666667 0.18888888888888888
0 0.31875 0.7319444444444444 0.10208333333333333 0.14074074074074075
0 0.4393229166666667 0.6569444444444444 0.10520833333333333 0.16944444444444445
0 0.47799479166666664 0.418287037037037 0.07421875 0.1337962962962963
0 0.37578125 0.39166666666666666 0.09010416666666667 0.14814814814814814
0 0.601171875 0.06666666666666667 0.11223958333333334 0.13148148148148148
0 0.40989583333333335 0.06273148148148149 0.09427083333333333 0.12546296296296297
0 0.9076822916666667 0.08101851851851852 0.10598958333333333 0.16018518518518518
0 0.09778645833333334 0.21458333333333332 0.08515625 0.09953703703703703
0 0.045703125 0.06388888888888888 0.07317708333333334 0.11574074074074074
0 0.22356770833333334 0.12824074074074074 0.07421875 0.11574074074074074
0 0.5791666666666667 0.3997685185185185 0.09635416666666667 0.15324074074074073
0 0.63125 0.22337962962962962 0.07395833333333333 0.14583333333333334
0 0.570703125 0.2590277777777778 0.07109375 0.11435185185185186
0 0.771484375 0.05138888888888889 0.09817708333333333 0.09444444444444444
0 0.17161458333333332 0.5581018518518519 0.078125 0.15694444444444444
0 0.09140625 0.5430555555555555 0.08020833333333334 0.14074074074074075
0 0.8516927083333333 0.3997685185185185 0.09817708333333333 0.17824074074074073