0 0.281875 0.6169265033407573 0.06125 0.09799554565701558
0 0.35625 0.6336302895322939 0.0625 0.11804008908685969
0 0.419375 0.7305122494432071 0.06375 0.1291759465478842
0 0.485625 0.7115812917594655 0.07875 0.11358574610244988
0 0.560625 0.72271714922049 0.06125 0.11804008908685969
0 0.626875 0.7260579064587973 0.06875 0.12472160356347439
0 0.694375 0.7126948775055679 0.06625 0.14699331848552338
0 0.761875 0.7193763919821826 0.06375 0.1514476614699332
0 0.831875 0.7260579064587973 0.06375 0.1514476614699332
0 0.908125 0.7260579064587973 0.06375 0.1514476614699332
0 0.913125 0.29175946547884185 0.06375 0.1514476614699332
0 0.194375 0.8396436525612472 0.06375 0.1514476614699332
0 0.669375 0.2828507795100223 0.06375 0.1514476614699332
0 0.585625 0.08129175946547884 0.06125 0.06904231625835189
0 0.529375 0.28507795100222716 0.06375 0.1514476614699332
0 0.471875 0.29398663697104677 0.06375 0.1514476614699332
0 0.361875 0.27616926503340755 0.06375 0.1514476614699332
0 0.294375 0.28507795100222716 0.06375 0.1514476614699332
0 0.156875 0.2650334075723831 0.06375 0.1514476614699332
0 0.810625 0.49888641425389757 0.06375 0.1514476614699332
0 0.746875 0.49443207126948774 0.06375 0.1514476614699332
0 0.670625 0.47438752783964366 0.06375 0.1514476614699332
0 0.609375 0.47216035634743875 0.06375 0.1514476614699332
0 0.539375 0.4766146993318486 0.06375 0.1514476614699332
0 0.476875 0.46547884187082406 0.06375 0.1514476614699332
0 0.410625 0.46547884187082406 0.06375 0.1514476614699332
0 0.343125 0.47438752783964366 0.06375 0.1514476614699332
0 0.281875 0.48106904231625836 0.06375 0.1514476614699332
0 0.576875 0.3051224944320713 0.06375 0.1514476614699332
0 0.271875 0.8485523385300668 0.06375 0.1514476614699332
0 0.770625 0.10244988864142539 0.06375 0.1514476614699332
0 0.703125 0.11581291759465479 0.06375 0.1514476614699332
0 0.283125 0.10022271714922049 0.06375 0.1514476614699332
0 0.355625 0.0935412026726058 0.06375 0.1514476614699332
0 0.966875 0.4766146993318486 0.06375 0.1514476614699332
0 0.554375 0.8507795100222717 0.06375 0.1514476614699332
0 0.483125 0.8507795100222717 0.06375 0.1514476614699332
0 0.411875 0.8463251670378619 0.06375 0.1514476614699332
0 0.351875 0.8485523385300668 0.06375 0.1514476614699332
0 0.114375 0.8374164810690423 0.06375 0.1514476614699332
0 0.851875 0.8641425389755011 0.06375 0.1514476614699332
0 0.783125 0.8619153674832962 0.06375 0.1514476614699332
0 0.706875 0.8530066815144766 0.06375 0.1514476614699332
0 0.625625 0.8619153674832962 0.06375 0.1514476614699332
0 0.926875 0.8663697104677061 0.06375 0.1514476614699332
0 0.091875 0.29398663697104677 0.06375 0.1514476614699332
0 0.03125 0.289532293986637 0.0625 0.1514476614699332
0 0.083125 0.17817371937639198 0.06375 0.1514476614699332
0 0.156875 0.12249443207126949 0.06375 0.1514476614699332