0 0.5973076923076923 0.2958974358974359 0.09307692307692307 0.11794871794871795
0 0.5957692307692307 0.29384615384615387 0.09307692307692307 0.11794871794871795
0 0.7696153846153846 0.6476923076923077 0.09307692307692307 0.11794871794871795
0 0.6896153846153846 0.7697435897435897 0.09307692307692307 0.11794871794871795
0 0.7796153846153846 0.781025641025641 0.09307692307692307 0.11794871794871795
0 0.808076923076923 0.05794871794871795 0.09307692307692307 0.1158974358974359
0 0.5011538461538462 0.05794871794871795 0.09307692307692307 0.1158974358974359
0 0.4126923076923077 0.1523076923076923 0.09307692307692307 0.11794871794871795
0 0.31961538461538463 0.16153846153846155 0.09307692307692307 0.11794871794871795
0 0.21269230769230768 0.2866666666666667 0.09307692307692307 0.11794871794871795
0 0.3211538461538462 0.2815384615384615 0.09307692307692307 0.11794871794871795
0 0.1596153846153846 0.622051282051282 0.09307692307692307 0.11794871794871795
0 0.25038461538461537 0.6353846153846154 0.09307692307692307 0.11794871794871795
0 0.35346153846153844 0.6364102564102564 0.09307692307692307 0.11794871794871795
0 0.45576923076923076 0.6384615384615384 0.09307692307692307 0.11794871794871795
0 0.5326923076923077 0.6353846153846154 0.09307692307692307 0.11794871794871795
0 0.4380769230769231 0.7615384615384615 0.09307692307692307 0.11794871794871795
0 0.835 0.1523076923076923 0.09307692307692307 0.11794871794871795
0 0.6088461538461538 0.14717948717948717 0.09307692307692307 0.11794871794871795
0 0.49423076923076925 0.15435897435897436 0.09307692307692307 0.11794871794871795
0 0.7734615384615384 0.5071794871794871 0.09307692307692307 0.11794871794871795
0 0.20346153846153847 0.5164102564102564 0.09307692307692307 0.11794871794871795
0 0.31423076923076926 0.5215384615384615 0.09307692307692307 0.11794871794871795
0 0.4034615384615385 0.5164102564102564 0.09307692307692307 0.11794871794871795
0 0.6357692307692308 0.5297435897435897 0.09307692307692307 0.11794871794871795
0 0.541923076923077 0.5123076923076924 0.09307692307692307 0.11794871794871795
0 0.8865384615384615 0.3861538461538462 0.09307692307692307 0.11794871794871795
0 0.7819230769230769 0.37384615384615383 0.09307692307692307 0.11794871794871795
0 0.6734615384615384 0.4015384615384615 0.09307692307692307 0.11794871794871795
0 0.685 0.17282051282051283 0.09307692307692307 0.11794871794871795
0 0.22192307692307692 0.3933333333333333 0.09307692307692307 0.11794871794871795
0 0.31576923076923075 0.3923076923076923 0.09307692307692307 0.11794871794871795
0 0.39807692307692305 0.3851282051282051 0.09307692307692307 0.11794871794871795
0 0.4888461538461538 0.3933333333333333 0.09307692307692307 0.11794871794871795
0 0.6934615384615385 0.2733333333333333 0.09307692307692307 0.11794871794871795
0 0.41884615384615387 0.1523076923076923 0.09307692307692307 0.11794871794871795
0 0.7680769230769231 0.6456410256410257 0.09307692307692307 0.11794871794871795
0 0.9096153846153846 0.261025641025641 0.09307692307692307 0.11794871794871795
0 0.9165384615384615 0.05794871794871795 0.09307692307692307 0.1158974358974359
0 0.8557692307692307 0.6538461538461539 0.09307692307692307 0.11794871794871795
0 0.046153846153846156 0.615897435897436 0.09230769230769231 0.11794871794871795
0 0.046153846153846156 0.4087179487179487 0.09230769230769231 0.11794871794871795
0 0.046153846153846156 0.2928205128205128 0.09230769230769231 0.11794871794871795
0 0.046153846153846156 0.18 0.09230769230769231 0.11794871794871795
0 0.046153846153846156 0.05794871794871795 0.09230769230769231 0.1158974358974359
0 0.6596153846153846 0.6333333333333333 0.09307692307692307 0.11794871794871795
0 0.9426923076923077 0.6517948717948718 0.09307692307692307 0.11794871794871795
0 0.20346153846153847 0.05794871794871795 0.09307692307692307 0.1158974358974359
0 0.34115384615384614 0.8671794871794872 0.09307692307692307 0.11794871794871795
0 0.2473076923076923 0.8651282051282051 0.09307692307692307 0.11794871794871795
0 0.14653846153846153 0.8753846153846154 0.09307692307692307 0.11794871794871795
0 0.046153846153846156 0.8815384615384615 0.09230769230769231 0.11794871794871795
0 0.34884615384615386 0.7492307692307693 0.09307692307692307 0.11794871794871795
0 0.27192307692307693 0.7564102564102564 0.09307692307692307 0.11794871794871795
0 0.1696153846153846 0.7564102564102564 0.09307692307692307 0.11794871794871795
0 0.046153846153846156 0.7482051282051282 0.09230769230769231 0.11794871794871795
0 0.8226923076923077 0.8928205128205128 0.09307692307692307 0.11794871794871795
0 0.7334615384615385 0.8825641025641026 0.09307692307692307 0.11794871794871795
0 0.635 0.8784615384615385 0.09307692307692307 0.11794871794871795
0 0.4411538461538462 0.8733333333333333 0.09307692307692307 0.11794871794871795
0 0.545 0.8764102564102564 0.09307692307692307 0.11794871794871795