0 0.6062091503267973 0.19716775599128541 0.21895424836601307 0.3681917211328976
0 0.39052287581699346 0.3333333333333333 0.16666666666666666 0.2178649237472767
0 0.22630718954248366 0.12745098039215685 0.23039215686274508 0.24618736383442266
0 0.3472222222222222 0.6023965141612201 0.2369281045751634 0.3028322440087146
0 0.18627450980392157 0.39433551198257083 0.22549019607843138 0.29193899782135074
0 0.11764705882352941 0.710239651416122 0.20915032679738563 0.3006535947712418
0 0.7026143790849673 0.6895424836601307 0.20261437908496732 0.2766884531590414
0 0.47467320261437906 0.7538126361655774 0.1650326797385621 0.2657952069716776
0 0.27369281045751637 0.8518518518518519 0.2434640522875817 0.29193899782135074
0 0.8570261437908496 0.8583877995642701 0.2761437908496732 0.2788671023965142
0 0.7573529411764706 0.41721132897603486 0.1977124183006536 0.22875816993464052
0 0.9093137254901961 0.3431372549019608 0.1781045751633987 0.22875816993464052
0 0.7924836601307189 0.13616557734204793 0.21241830065359477 0.2549019607843137
0 0.5563725490196079 0.49673202614379086 0.184640522875817 0.23093681917211328