0 0.5820512820512821 0.3339285714285714 0.18974358974358974 0.28214285714285714
0 0.4256410256410256 0.3375 0.18974358974358974 0.28214285714285714
0 0.2512820512820513 0.36607142857142855 0.18974358974358974 0.28214285714285714
0 0.08974358974358974 0.5607142857142857 0.1794871794871795 0.22857142857142856
0 0.42948717948717946 0.575 0.18205128205128204 0.19285714285714287
0 0.7602564102564102 0.5732142857142857 0.2128205128205128 0.25357142857142856
0 0.9192307692307692 0.8 0.1564102564102564 0.25
0 0.7782051282051282 0.8214285714285714 0.16153846153846155 0.21428571428571427
0 0.6217948717948718 0.7964285714285714 0.18205128205128204 0.22142857142857142
0 0.43333333333333335 0.8107142857142857 0.18974358974358974 0.22857142857142856
0 0.24871794871794872 0.125 0.2 0.25
0 0.6089743589743589 0.1 0.2230769230769231 0.2
0 0.4230769230769231 0.09642857142857143 0.2 0.19285714285714287
0 0.7538461538461538 0.3196428571428571 0.18974358974358974 0.28214285714285714
0 0.7884615384615384 0.1 0.2230769230769231 0.2
0 0.9294871794871795 0.33035714285714285 0.1358974358974359 0.26071428571428573
0 0.09743589743589744 0.7982142857142858 0.19487179487179487 0.23214285714285715
0 0.26282051282051283 0.5910714285714286 0.17692307692307693 0.19642857142857142
0 0.2653846153846154 0.8089285714285714 0.16153846153846155 0.23214285714285715