0 0.3211538461538462 0.6129363449691991 0.05615384615384615 0.08213552361396304
0 0.31961538461538463 0.6108829568788501 0.05615384615384615 0.08213552361396304
0 0.1519230769230769 0.0944558521560575 0.05615384615384615 0.08213552361396304
0 0.3696153846153846 0.5462012320328542 0.05615384615384615 0.08213552361396304
0 0.8211538461538461 0.10574948665297741 0.05615384615384615 0.08213552361396304
0 0.24192307692307694 0.48459958932238195 0.05615384615384615 0.08213552361396304
0 0.698076923076923 0.502053388090349 0.05615384615384615 0.08213552361396304
0 0.9242307692307692 0.6396303901437371 0.05615384615384615 0.08213552361396304
0 0.28115384615384614 0.2535934291581109 0.05615384615384615 0.08213552361396304
0 0.03653846153846154 0.7895277207392197 0.05615384615384615 0.08213552361396304
0 0.1026923076923077 0.8305954825462012 0.05615384615384615 0.08213552361396304
0 0.8542307692307692 0.4455852156057495 0.05615384615384615 0.08213552361396304
0 0.45884615384615385 0.19815195071868583 0.05615384615384615 0.08213552361396304
0 0.5065384615384615 0.7854209445585215 0.05615384615384615 0.08213552361396304
0 0.4419230769230769 0.6817248459958932 0.05615384615384615 0.08213552361396304
0 0.32346153846153847 0.7084188911704312 0.05615384615384615 0.08213552361396304
0 0.7903846153846154 0.8737166324435318 0.05615384615384615 0.08213552361396304
0 0.5657692307692308 0.9147843942505134 0.05615384615384615 0.08213552361396304
0 0.46115384615384614 0.8655030800821355 0.05615384615384615 0.08213552361396304
0 0.485 0.5431211498973306 0.05615384615384615 0.08213552361396304
0 0.785 0.2268993839835729 0.05615384615384615 0.08213552361396304
0 0.9473076923076923 0.35010266940451745 0.05615384615384615 0.08213552361396304
0 0.7234615384615385 0.8449691991786448 0.05615384615384615 0.08213552361396304
0 0.7965384615384615 0.4055441478439425 0.05615384615384615 0.08213552361396304
0 0.7488461538461538 0.5400410677618069 0.05615384615384615 0.08213552361396304
0 0.8134615384615385 0.5728952772073922 0.05615384615384615 0.08213552361396304
0 0.6057692307692307 0.7905544147843943 0.05615384615384615 0.08213552361396304
0 0.20961538461538462 0.04055441478439425 0.05615384615384615 0.0811088295687885
0 0.2173076923076923 0.13141683778234087 0.05615384615384615 0.08213552361396304
0 0.09038461538461538 0.14887063655030802 0.05615384615384615 0.08213552361396304
0 0.07653846153846154 0.5585215605749486 0.05615384615384615 0.08213552361396304
0 0.16192307692307692 0.26899383983572894 0.05615384615384615 0.08213552361396304
0 0.745 0.37474332648870634 0.05615384615384615 0.08213552361396304
0 0.1896153846153846 0.5431211498973306 0.05615384615384615 0.08213552361396304
0 0.6603846153846153 0.7227926078028748 0.05615384615384615 0.08213552361396304
0 0.7219230769230769 0.20636550308008214 0.05615384615384615 0.08213552361396304
0 0.5265384615384615 0.4127310061601643 0.05615384615384615 0.08213552361396304
0 0.4288461538461538 0.49794661190965095 0.05615384615384615 0.08213552361396304
0 0.4288461538461538 0.5934291581108829 0.05615384615384615 0.08213552361396304
0 0.28115384615384614 0.837782340862423 0.05615384615384615 0.08213552361396304
0 0.23961538461538462 0.40965092402464065 0.05615384615384615 0.08213552361396304
0 0.12346153846153846 0.5092402464065708 0.05615384615384615 0.08213552361396304
0 0.5473076923076923 0.6632443531827515 0.05615384615384615 0.08213552361396304
0 0.5957692307692307 0.5256673511293635 0.05615384615384615 0.08213552361396304
0 0.35115384615384615 0.38501026694045176 0.05615384615384615 0.08213552361396304
0 0.17346153846153847 0.771047227926078 0.05615384615384615 0.08213552361396304
0 0.2226923076923077 0.21765913757700206 0.05615384615384615 0.08213552361396304
0 0.3903846153846154 0.14784394250513347 0.05615384615384615 0.08213552361396304
0 0.5111538461538462 0.2433264887063655 0.05615384615384615 0.08213552361396304
0 0.6380769230769231 0.3891170431211499 0.05615384615384615 0.08213552361396304
0 0.14346153846153847 0.09650924024640657 0.05615384615384615 0.08213552361396304
0 0.625 0.9573921971252567 0.05615384615384615 0.08316221765913757
0 0.16653846153846155 0.9537987679671458 0.05615384615384615 0.08213552361396304
0 0.07576923076923077 0.04722792607802875 0.05615384615384615 0.08213552361396304
0 0.7096153846153846 0.04722792607802875 0.05615384615384615 0.08213552361396304
0 0.49961538461538463 0.04055441478439425 0.05615384615384615 0.0811088295687885
0 0.5026923076923077 0.13963039014373715 0.05615384615384615 0.08213552361396304
0 0.558076923076923 0.09650924024640657 0.05615384615384615 0.08213552361396304
0 0.6603846153846153 0.16529774127310062 0.05615384615384615 0.08213552361396304
0 0.715 0.13655030800821355 0.05615384615384615 0.08213552361396304
0 0.9465384615384616 0.26899383983572894 0.05615384615384615 0.08213552361396304
0 0.8788461538461538 0.21765913757700206 0.05615384615384615 0.08213552361396304
0 0.8557692307692307 0.3521560574948665 0.05615384615384615 0.08213552361396304
0 0.7857692307692308 0.23408624229979466 0.05615384615384615 0.08213552361396304