0 0.40025 0.7707034728406055 0.1155 0.2163846838824577
0 0.39925 0.7689225289403384 0.1155 0.2163846838824577
0 0.10475 0.57479964381122 0.1155 0.2163846838824577
0 0.508 0.7809439002671416 0.104 0.18521816562778273
0 0.23825 0.377560106856634 0.0995 0.16028495102404275
0 0.13 0.3535173642030276 0.115 0.17809439002671415
0 0.31 0.5164737310774711 0.114 0.176313446126447
0 0.48925 0.30943900267141583 0.1155 0.2163846838824577
0 0.92775 0.5 0.1155 0.2163846838824577
0 0.6645 0.47684772929652713 0.117 0.18432769367764915
0 0.507 0.7791629563668745 0.104 0.18521816562778273
0 0.0515 0.9060552092609083 0.103 0.18432769367764915
0 0.4985 0.5877114870881567 0.104 0.18521816562778273
0 0.5845 0.10685663401602849 0.104 0.18521816562778273
0 0.608 0.8610863757791629 0.104 0.18521816562778273
0 0.706 0.8138913624220837 0.104 0.18521816562778273
0 0.709 0.659839715048976 0.104 0.18521816562778273
0 0.603 0.7248441674087266 0.104 0.18521816562778273
0 0.05225 0.9065004452359751 0.1035 0.18521816562778273
0 0.0515 0.9047195013357079 0.103 0.18521816562778273
0 0.3465 0.27871772039180764 0.104 0.18521816562778273
0 0.1395 0.163846838824577 0.104 0.18521816562778273
0 0.218 0.8521816562778273 0.104 0.18521816562778273
0 0.3455 0.2769367764915405 0.104 0.18521816562778273
0 0.2415 0.21460373998219057 0.104 0.18521816562778273
0 0.0515 0.1585040071237756 0.103 0.18521816562778273
0 0.705 0.0917186108637578 0.104 0.1834372217275156
0 0.802 0.44968833481745324 0.104 0.18521816562778273
0 0.7995 0.2680320569902048 0.104 0.18521816562778273
0 0.8825 0.18432769367764915 0.104 0.18521816562778273
0 0.6995 0.3303650934995548 0.104 0.18521816562778273
0 0.39975 0.5997328584149599 0.0875 0.13624220837043632
0 0.21525 0.5587711487088157 0.0755 0.13089937666963491
0 0.32625 0.9385574354407836 0.0755 0.11219946571682991
0 0.32175 0.6691896705253785 0.0885 0.13268032056990206
0 0.05275 0.7422083704363313 0.0915 0.12733748886910062
0 0.891 0.9278717720391808 0.115 0.14247551202137132