0 0.230625 0.5734966592427617 0.10375 0.16703786191536749
0 0.545625 0.7694877505567929 0.10375 0.16703786191536749
0 0.623125 0.6314031180400891 0.10375 0.16703786191536749
0 0.486875 0.611358574610245 0.10375 0.16703786191536749
0 0.313125 0.4042316258351893 0.10375 0.16703786191536749
0 0.128125 0.20155902004454343 0.10375 0.16703786191536749
0 0.085625 0.5645879732739421 0.10375 0.16703786191536749
0 0.150625 0.8407572383073497 0.10375 0.16703786191536749
0 0.771875 0.31737193763919824 0.10375 0.16703786191536749
0 0.395625 0.7895322939866369 0.10375 0.16703786191536749
0 0.481875 0.3841870824053452 0.10375 0.16703786191536749
0 0.390625 0.2795100222717149 0.10375 0.16703786191536749
0 0.229375 0.2906458797327394 0.10375 0.16703786191536749
0 0.071875 0.3752783964365256 0.10375 0.16703786191536749
0 0.631875 0.8919821826280624 0.10375 0.16703786191536749
0 0.834375 0.8028953229398663 0.10375 0.16703786191536749
0 0.734375 0.7338530066815144 0.10375 0.16703786191536749
0 0.788125 0.5846325167037862 0.10375 0.16703786191536749
0 0.601875 0.11915367483296214 0.10375 0.16703786191536749
0 0.698125 0.19042316258351893 0.10375 0.16703786191536749
0 0.45375 0.15033407572383073 0.1175 0.16258351893095768
0 0.3 0.18819599109131402 0.1175 0.16258351893095768
0 0.91125 0.655902004454343 0.1175 0.16258351893095768
0 0.8475 0.4086859688195991 0.1175 0.16258351893095768
0 0.8425 0.14810690423162584 0.1175 0.16258351893095768
0 0.37625 0.0801781737193764 0.1175 0.1603563474387528
0 0.19625 0.0801781737193764 0.1175 0.1603563474387528
0 0.90875 0.6514476614699332 0.1175 0.16258351893095768
0 0.925 0.9164810690423163 0.1175 0.16258351893095768
0 0.9575 0.4888641425389755 0.0825 0.2026726057906459
0 0.33125 0.9164810690423163 0.1175 0.16258351893095768
0 0.48875 0.9164810690423163 0.1175 0.16258351893095768
0 0.5325 0.2594654788418708 0.1175 0.16258351893095768
0 0.71 0.4599109131403118 0.1175 0.16258351893095768
0 0.61625 0.3574610244988864 0.1175 0.16258351893095768
0 0.32875 0.9120267260579065 0.1175 0.16258351893095768
0 0.964375 0.15367483296213807 0.06875 0.1514476614699332
0 0.0775 0.7383073496659243 0.1175 0.16258351893095768
0 0.24375 0.8095768374164811 0.1175 0.16258351893095768