0 0.610625 0.8602251407129456 0.30625 0.275797373358349
0 0.108125 0.4596622889305816 0.21625 0.25140712945590993
0 0.261875 0.7776735459662288 0.30625 0.275797373358349
0 0.79375 0.6238273921200751 0.2025 0.30206378986866794
0 0.636875 0.5093808630393997 0.13875 0.2570356472795497
0 0.4675 0.5309568480300187 0.19 0.2776735459662289
0 0.281875 0.32833020637898686 0.12625 0.2589118198874296
0 0.520625 0.3517823639774859 0.15375 0.21200750469043153
0 0.175 0.25422138836772984 0.1075 0.19699812382739212
0 0.416875 0.2298311444652908 0.12375 0.14071294559099437
0 0.651875 0.25422138836772984 0.14875 0.24953095684803